test add something
add somethign 2
71.9796
-95.1436
60.128
42.2993
72.1559
-79.6211
-98.6667
-88.182
83.2817
10.1363
-74.4792
-51.8184
34.0973
30.0231
-26.7783
66.8582
97.6825
72.6665
88.359
-43.082
23.1226
-15.5928
-2.6626
-70.0186
-2.64106
-22.8241
-97.102
-74.9801
-72.4312
-1.11292
59.9438
74.771
-57.5785
54.8563
69.6507
-66.5907
-40.8846
-17.2962
-82.5162
35.3364
-52.1622
48.0137
-70.2791
55.3342
-33.3449
-87.4885
37.072
60.9452
1.25328
78.4455
-2.59755
-46.4539
-35.841
86.4764
5.92821
-17.1355
0.464833
37.8785
-51.3953
76.4183
-80.8662
96.9641
48.6586
-97.3143
-81.9643
6.16726
3.19782
-11.5372
-0.136957
90.9963
-32.3509
-72.7734
-2.44121
-38.4609
86.6657
59.4891
-40.3114
-35.4903
3.84436
66.7462
95.5375
14.7514
-73.2958
-33.9738
-2.07211
59.7322
-93.0011
-29.7653
-38.152
34.4902
82.328
-60.9154
25.5212
38.3185
-52.7447
64.7745
-51.2548
28.5831
40.1115
-19.221
