78.1796
-88.9436
66.328
48.4993
78.3559
-73.4211
-92.4667
-81.982
89.4817
16.3363
-68.2792
-45.6184
40.2973
36.2231
-20.5783
73.0582
103.882
78.8665
94.559
-36.882
29.3226
-9.39277
3.5374
-63.8186
3.55894
-16.6241
-90.902
-68.7801
-66.2312
5.08708
66.1438
80.971
-51.3785
61.0563
75.8507
-60.3907
-34.6846
-11.0962
-76.3162
41.5364
-45.9622
54.2137
-64.0791
61.5342
-27.1449
-81.2885
43.272
67.1452
7.45328
84.6455
3.60245
-40.2539
-29.641
92.6764
12.1282
-10.9355
6.66483
44.0785
-45.1953
82.6183
-74.6662
103.164
54.8586
-91.1143
-75.7643
12.3673
9.39782
-5.33717
6.06304
97.1963
-26.1509
-66.5734
3.75879
-32.2609
92.8657
65.6891
-34.1114
-29.2903
10.0444
72.9462
101.737
20.9514
-67.0958
-27.7738
4.12789
65.9322
-86.8011
-23.5653
-31.952
40.6902
88.528
-54.7154
31.7212
44.5185
-46.5447
70.9745
-45.0548
34.7831
46.3115
-13.021
