78.1695
-88.9537
66.3179
48.4891
78.3457
-73.4312
-92.4769
-81.9922
89.4716
16.3261
-68.2894
-45.6285
40.2871
36.2129
-20.5885
73.048
103.872
78.8563
94.5488
-36.8922
29.3125
-9.40294
3.52723
-63.8288
3.54877
-16.6342
-90.9121
-68.7903
-66.2413
5.07691
66.1336
80.9608
-51.3886
61.0461
75.8406
-60.4008
-34.6947
-11.1064
-76.3264
41.5263
-45.9723
54.2036
-64.0893
61.524
-27.1551
-81.2986
43.2618
67.135
7.44311
84.6353
3.59229
-40.2641
-29.6512
92.6662
12.118
-10.9456
6.65467
44.0684
-45.2054
82.6081
-74.6764
103.154
54.8484
-91.1244
-75.7745
12.3571
9.38766
-5.34734
6.05288
97.1862
-26.161
-66.5836
3.74862
-32.271
92.8555
65.679
-34.1216
-29.3004
10.0342
72.936
101.727
20.9413
-67.1059
-27.7839
4.11772
65.922
-86.8113
-23.5755
-31.9622
40.6801
88.5179
-54.7255
31.711
44.5083
-46.5549
70.9643
-45.065
34.7729
46.3013
-13.0312
